00000000010100000000010000010011
00000000101000000000010010010011
00000000100000101000100001100011
00000000010101001000010010110011
00000000000100101000001010010011
11111111010111111111000001101111
00000000100000101000100001100011
00000000010101001000010010110011
00000000000100101000001010010011
11111111010111111111000001101111
00000000100000101000100001100011
00000000010101001000010010110011
00000000000100101000001010010011
11111111010111111111000001101111
00000000100000101000100001100011
00000000010101001000010010110011
00000000000100101000001010010011
11111111010111111111000001101111
00000000100000101000100001100011
00000000010101001000010010110011
00000000000100101000001010010011
11111111010111111111000001101111
00000000100000101000100001100011